Размер матрицы =3
Mатрицa A:
   7   5   3 
   9  77   3 
   6   5   2 
Mатрицa B:
   7   5   3 
   9  77   3 
   6   5   2 
Mатрицa С:
  -7  -5  -3 
   9 -77  -3 
   6   5  -2 

Размер матрицы =4
Mатрицa A:
   3   2   1   5 
   3   5   3   1 
   4   5   2   1 
   4   5   2   2 
Mатрицa B:
   3   2   1   5 
   3   5   3   1 
   4   5   2   1 
   4   5   2   2 
Mатрицa С:
  -3  -2  -1  -5 
   3  -5  -3  -1 
   4   5  -2  -1 
   4   5   2  -2 

Размер матрицы =2
Mатрицa A:
   5   3 
   6   4 
Mатрицa B:
   5   3 
   6   4 
Mатрицa С:
  -5  -3 
   6  -4 
