
n=3
Исходная матрица :
   6   6   7
   8   1   7
   8   2   6

Полученная матрица :
  16  29  19
  21  27  22
  21  28  21


n=2
Исходная матрица :
   6   3
   4   8

Полученная матрица :
   8   4
   3   6

n=4
Исходная матрица :
   7   7   3   7
   3   0   1   4
   3   8   7   8
   1   8   9   3

Полученная матрица :
  48  39  38  40
  60  48  52  53
  42  38  40  39
  45  43  47  39

n=3
Исходная матрица :
   1   2   3
   4   5   6
   7   8   9


Полученная матрица :
  28  26  24
  22  20  18
  16  14  12
n=2
Исходная матрица :
   3   2
   1   3
   0   0
   0   0
Полученная матрица :
   3   1
   2   3
