Исходная матрица:
   3  -1   3   3   0   2   0
  -1  -6  -1   4   1  -2   0
  -4  -2  -3  -3   1   5   4
   4  -6   3  -2   5  -2   2
   2   4   4  -1  -1  -5   6
  -2  -5   1   2   6   3   5
   0  -4  -1   4   3  -1   4

Последовательность b:
 3-133020042654-134-1-40-224-4-1-6-141-25-2-53621-54-6-2-3-315-1-143-2

Исходная матрица:
   3  -1   4   0   0  -3  -2
   2   4   2  -1   0  -2  -4
   0   3   0   2   1   0   0
   1   3  -3   2  -4   2  -3
  -2  -3   2   2   0  -4  -2
  -1   1  -3   0   0   1  -4
  -1   1   5  -5  -3  -4   2

Последовательность b:
3-1400-3-2-40-3-2-42-4-3-551-1-1-210242-10-202-4100-31-333021-4022-302

Исходная матрица:
  -4   3  -6  -5   0  -2   0
   4   6   2   2  -2   4   4
  -2   2   0   0   0  -3   6
   1  -6   1  -1   0   3  -3
   3  -2   0   2   2   4   2
   1   5  -1   3  -2   1  -5
   4   3   3   3  -2   0  -2

Последовательность b:
-43-6-50-2046-32-5-20-23334131-24622-24-3341-23-15-2-620000220-262
Исходная матрица:
   0  -2  -3  -3   1  -1  -2
   2   0   1   6   2  -6   3
   2  -3   3   5   3  -1   0
  -1   5  -5  -2   3  -3   0
   1  -2  -5   0   1   1   4
  -3   2  -1  -2   3   4   0
  -1  -3   1   2  -5  -2   3
Последовательность b:

0-2-3-31-1-20162-6353-2Исходная матрица:
   0   3   0  -1   1  -3  -5
  -1   0   1  -3  -5   0   0
   2   2   1  -1   6   2   1
  -5   3  -1   0   2  -3   0
   0   0  -2   0   5  -5  -3
   1   5   1   0  -5  -2  -6
  -3   0   4  -6   1   6  -2
Последовательность b:

-506060-5Исходная матрица:
   1   5   5   4  -3  -3   0
   1  -4   4  -3   3  -2   1
  -3   1   0  -4   0  -4   2
  -1  -2  -1  -1   0   0  -2
   0  -1   2   3   2  -6  -5
   4  -4   3   0   4   0  -5
  -1   1  -4   3   3   2   0
Последовательность b:

012-2-5-50233-41-140-1-31-2-40-60403-4-1-2100232-1-10-20

Исходная матрица:
   6   0  -3  -1   1  -1  -2
  -5  -4   4   2  -5   5  -1
  -2  -3  -5   3   3   1   0
  -5   1   0  -1  -1   0   1
  -3   1   2   0   2   0  -1
  -5  -2  -3   1  -1   5   5
   1   0  -5  -3   0   5  -1
Последовательность b:

60-3-11-1-2-101-15-150-3-501-5-3-5-2-5-442-551005-11-3-211-3-533-12020-1

Исходная матрица:
  -2  -2   2   0  -2  -4   0
  -6  -1  -1  -4   5   0   2
  -2   1   1   3  -3   0  -1
   4   6   2   3   5  -5  -3
   0   0  -2  -1   1  -2  -2
  -1   1   2  -4  -3  -2   0
   3  -2  -5   0   6  -5   3
Последовательность b:

-2-220-2-402-1-3-203-560-5-23-104-2-6-1-1-4500-5-2-2-3-42106113-351-1-223Исходная матрица:
   0  -2  -1  -5   0  -5  -2
   3  -4  -1  -2  -5   4   0
  -4  -3   0   2   3   1   4
   1   2  -6  -2   3  -4  -3
  -1   3   3   0  -1   4  -1
   2   0  -1   2   6   0   2
  -1   2   3   5   0   0  -2
Последовательность b:

0-2-1-50-5-204-3-12-200532-12-11-43-4-1-2-541-44062-1032-30233-103-6-2